V 100
0 2.378912371150873 3.0031895034700877
1 3.3550292121509506 2.6715186289201727
2 3.5040949394221896 2.0262831697330292
3 1.552840948890394 1.817192350346661
4 0.11186349330916379 0.8753871398673709
5 3.992021986666684 0.13412638862507942
6 2.4841826195561274 1.017539833045357
7 3.5954884606249724 1.9245592577986468
8 2.0196736037253125 3.238671970268839
9 2.2310836441587107 0.18955432245896997
10 2.0039790623503406 1.9371288025080764
11 1.7265053794046237 0.28324751469216247
12 0.8345320341166036 0.330920059742406
13 1.540333225810071 1.3887227879406692
14 3.2490074280237975 0.29471836668607576
15 3.819185289726407 2.4014448231055603
16 1.8834329212730423 2.959136801453024
17 3.7786688177142733 2.418219061124839
18 2.0461475414388435 3.7730604202242644
19 0.7687490971176869 2.5997761315285284
20 2.2558065032168457 2.952424354289799
21 2.2424781275969248 0.5001074306238578
22 0.41410492338250116 0.13157771721605327
23 1.9246023942308463 3.816737594910758
24 3.948860830427775 1.1670876959871732
25 0.8848904925039274 1.7212619490781154
26 3.002024872357577 2.6415661500624803
27 0.8156718503413551 3.210066550648522
28 3.073905042522276 2.69711609816538
29 1.15916977752293 1.8953166349983999
30 0.2652262367481728 0.7401568038292816
31 1.8922014257133464 0.8961753561558172
32 1.1023236858851968 2.7049739575204566
33 1.882234950358785 3.449569624125541
34 3.088868415914191 0.5797772362031024
35 0.13854818869621566 3.0562725410369174
36 0.5870928342415862 3.6010203144121693
37 2.5241320279128505 0.10956988679057167
38 3.8055043562052258 3.225818669213611
39 0.8879303147014328 0.051307472808494126
40 0.1705289573123574 1.240071213656694
41 2.33817589979396 2.895367157585604
42 1.0328363269529608 0.08717897492088156
43 0.6721444306875162 1.983763769291551
44 1.1159767291099478 1.6760255292723594
45 1.027807110440405 2.568780544904772
46 2.399132783464224 3.9605138413436727
47 1.9189565603443048 0.32418712362361335
48 2.242254924798561 0.0041072568423241584
49 2.9881494961316224 0.17504832098546919
50 3.5111067066941755 2.3392192604054136
51 0.2612090456449683 1.5796906463505809
52 1.3609504536311858 3.0254789700807416
53 0.2233576284073595 2.817298365680691
54 0.1633912362834704 1.5046934560119882
55 0.18857544827144856 2.6507271181769405
56 3.985816456880981 0.4913057979350839
57 3.4883401838793415 3.4581666396620836
58 0.2645752992800441 2.1277806543405413
59 3.949238051229378 1.8424767523505667
60 1.61805588612313 1.2522562688233996
61 3.7367398849483195 3.8688137935883957
62 3.60480513699957 1.3773344894152193
63 0.647614479596017 2.6695697664138334
64 1.335099959833833 3.7903966557879873
65 1.8020666298663395 2.325902405603434
66 2.149063858696871 2.3704432258575237
67 2.9352647230859437 3.9241832534029717
68 0.5493669447561076 1.849046600546655
69 1.4975956504114323 2.4923039978284716
70 0.5318653959639206 2.1591738265373523
71 2.66348836104348 0.04486937083415299
72 0.6084172725500512 2.6574736778250485
73 3.941507786554754 0.9803014263323044
74 2.359318032854514 2.47313359522019
75 1.4031595727548978 1.3590331870277148
76 3.555080231392316 1.4964754039477266
77 0.3578440225820838 3.4855970827732654
78 3.8067620798190323 1.5385134863326657
79 1.0851907523469908 0.16814306586766614
80 3.2800743609422978 0.1381470309528119
81 3.5194087361967283 1.1911815878931393
82 1.292125841201742 1.6296497427397165
83 3.2504938236319676 2.95967225409111
84 0.8786216324117784 1.6892548700367138
85 1.3122284906513664 0.577826086092248
86 2.3718928934263825 3.8130520231943827
87 2.655375776840346 0.47361377103473146
88 1.7228288608300524 1.178340746929194
89 3.772042344937525 2.897520733231117
90 1.6063670253516098 2.1107942103071213
91 1.4881574007263545 2.339409059089458
92 2.360503453687886 0.3090434952546022
93 3.917946262086481 3.363216513135058
94 0.9617211870475311 1.212984813993046
95 2.72970607654376 3.224327299054018
96 3.712410738874403 0.14558559991126474
97 0.1188032511767223 3.5158399171110197
98 1.4622949143843478 1.0959134301086628
99 2.43137756047845 2.6252340607944396
E 99
0 1
0 2
0 3
0 4
0 5
0 6
0 7
0 8
0 9
0 10
0 11
0 12
0 13
0 14
0 15
0 16
0 17
0 18
0 19
0 20
0 21
0 22
0 23
0 24
0 25
0 26
0 27
0 28
0 29
0 30
0 31
0 32
0 33
0 34
0 35
0 36
0 37
0 38
0 39
0 40
0 41
0 42
0 43
0 44
0 45
0 46
0 47
0 48
0 49
0 50
0 51
0 52
0 53
0 54
0 55
0 56
0 57
0 58
0 59
0 60
0 61
0 62
0 63
0 64
0 65
0 66
0 67
0 68
0 69
0 70
0 71
0 72
0 73
0 74
0 75
0 76
0 77
0 78
0 79
0 80
0 81
0 82
0 83
0 84
0 85
0 86
0 87
0 88
0 89
0 90
0 91
0 92
0 93
0 94
0 95
0 96
0 97
0 98
0 99