V 100
0 1.3290995280328444 0.9121732990978981
1 3.5146084986812256 1.8994291699165209
2 1.4895413318697703 1.9592247887855745
3 3.7785130330112797 0.8695012789478684
4 3.1300829728331414 0.9453279248285091
5 2.352014475907593 0.8887428375631155
6 2.2336498035634675 1.2358566300561042
7 1.1840702814868278 0.36714037742004413
8 3.43355232607048 1.2069660005184306
9 2.0913778317116742 1.2958657140822836
10 2.1651915892317595 3.2747322374049554
11 0.6564141727549591 1.0956544769097487
12 0.009539907822014193 1.3373157205267208
13 2.8009743036536756 3.1649406115952585
14 2.1974881329870812 0.04214137456256983
15 1.5180057282038555 3.5395013731464875
16 3.441278131877552 1.9240307873829314
17 0.2250105415314123 0.034892870216357785
18 3.8469262669269124 3.9138756887921957
19 2.434702076372862 1.9602506814781937
20 2.742624750428578 2.555361632634799
21 1.5031598912293198 1.5497659362501839
22 0.5311333886187719 1.7858218241551835
23 3.4576666856131735 0.8300244555383576
24 2.824485363087831 1.707386260654277
25 3.5649035176019206 2.6191925495703727
26 0.38110467938349135 0.24452390920718825
27 3.2145471805628483 3.264543680846255
28 1.856039666093094 2.4436872899909945
29 1.6016583669085969 1.5166157021981572
30 3.5964888981290524 1.1070169675599089
31 1.268736564346311 3.9407976003654235
32 3.1700861957532513 0.29464561598625805
33 3.5589836979975917 1.508849775176341
34 0.1358510692792807 1.256682760669955
35 3.9779041514886013 2.995408961334435
36 3.7774836902201216 2.529997106946291
37 1.056697563427445 3.449823098960964
38 1.1485955916265262 3.5122330729602003
39 0.34258734585344097 1.0126755859644678
40 0.324562367492073 0.44907869333719264
41 1.2873649699394027 3.198070092480975
42 1.3333898082671078 1.4469029373828994
43 0.8085356087249553 1.913596240021135
44 2.7569998568378717 1.4726387043461244
45 0.48527798208907935 3.169945371765928
46 3.0843531577454018 3.32339052425076
47 1.2860476309893767 0.35629493369276677
48 0.3960920753043955 2.7618735907813736
49 0.9148778104780306 0.613655357042469
50 3.845016243608814 3.2298930642670483
51 1.022145831243031 0.4035706042864473
52 0.902153139901666 1.343911871205902
53 0.6205043297023436 2.936314180392367
54 2.627373727428845 2.7946082491397726
55 2.0643416171813898 0.5290209024872081
56 0.38554434539989346 1.3180069542922572
57 2.9264788485516955 0.37423571112695386
58 2.7908837873857593 0.7632556776229005
59 0.2498265849362551 1.664173050317959
60 0.8195819336314534 1.2316160902719058
61 1.9088307551399315 1.2891011310822864
62 2.331566399747403 1.0646199236206653
63 2.332760123720533 2.012595955746577
64 0.6831761987619402 0.4367387865666048
65 1.9859947678371364 1.993661179175576
66 0.9951130575063751 2.502167558475694
67 2.293608753149243 2.3303966833036225
68 3.6658696189759676 1.8162395455745375
69 2.5158775214549487 1.188075935110683
70 0.15908400104967946 0.8152315359850153
71 2.9628808990730047 2.490698087277228
72 2.4041680052414827 1.7229790383237304
73 3.8906077275617106 0.13201143555137262
74 0.23103095870461976 3.086833287678644
75 0.035542314013530696 3.0424525886469427
76 1.9187023851883596 3.0205420776853744
77 3.3764411027755763 0.7300995779752473
78 1.6291986468556199 2.597012477566682
79 1.1241542137976905 1.1416774578801547
80 1.2695140137182102 3.9046565010774748
81 2.2421838318965825 2.6342367426204136
82 2.271742015843253 2.305062935862763
83 1.1545040453706177 1.8022177661951524
84 3.3444862911811493 1.3484013471552831
85 2.6870481414704868 1.8100900534885707
86 0.4524561369193192 3.862582009513798
87 1.2443778094879603 2.774106828517427
88 2.402359787480098 2.1750862939336413
89 3.920422675643513 2.0534339635745376
90 2.171992506251536 1.2235543506289779
91 1.3342152264462297 0.8401052633645936
92 3.7580334358299443 1.0288443870137156
93 0.30545406011089726 0.397323606877789
94 2.3232481784992727 0.35112766857141553
95 1.6124053623903793 1.6119499764961343
96 3.135272688066589 2.725484978502334
97 3.923402613740543 1.496493688878978
98 2.1428865989376056 3.1432498068089276
99 0.27644703800173964 2.2970634398312457
E 198
1 0
1 2
2 0
2 3
3 0
3 4
4 0
4 5
5 0
5 6
6 0
6 7
7 0
7 8
8 0
8 9
9 0
9 10
10 0
10 11
11 0
11 12
12 0
12 13
13 0
13 14
14 0
14 15
15 0
15 16
16 0
16 17
17 0
17 18
18 0
18 19
19 0
19 20
20 0
20 21
21 0
21 22
22 0
22 23
23 0
23 24
24 0
24 25
25 0
25 26
26 0
26 27
27 0
27 28
28 0
28 29
29 0
29 30
30 0
30 31
31 0
31 32
32 0
32 33
33 0
33 34
34 0
34 35
35 0
35 36
36 0
36 37
37 0
37 38
38 0
38 39
39 0
39 40
40 0
40 41
41 0
41 42
42 0
42 43
43 0
43 44
44 0
44 45
45 0
45 46
46 0
46 47
47 0
47 48
48 0
48 49
49 0
49 50
50 0
50 51
51 0
51 52
52 0
52 53
53 0
53 54
54 0
54 55
55 0
55 56
56 0
56 57
57 0
57 58
58 0
58 59
59 0
59 60
60 0
60 61
61 0
61 62
62 0
62 63
63 0
63 64
64 0
64 65
65 0
65 66
66 0
66 67
67 0
67 68
68 0
68 69
69 0
69 70
70 0
70 71
71 0
71 72
72 0
72 73
73 0
73 74
74 0
74 75
75 0
75 76
76 0
76 77
77 0
77 78
78 0
78 79
79 0
79 80
80 0
80 81
81 0
81 82
82 0
82 83
83 0
83 84
84 0
84 85
85 0
85 86
86 0
86 87
87 0
87 88
88 0
88 89
89 0
89 90
90 0
90 91
91 0
91 92
92 0
92 93
93 0
93 94
94 0
94 95
95 0
95 96
96 0
96 97
97 0
97 98
98 0
98 99
99 0
99 1