V 16
0 1.5301688741709945 3.841213306779388
1 0.5866795856598026 3.5187455355747375
2 2.5689746623087246 0.23425559836713372
3 0.9600469595339223 3.2462921166232888
4 0.3515603493878978 1.4513662457204095
5 2.719921116595182 1.7819806388537414
6 1.0570080136645208 1.5227942135894201
7 1.0868385462199712 0.868613663525287
8 3.577252851077591 3.251120517018888
9 3.3150968425032965 1.0470418984623322
10 1.4774447099549133 0.6240111676301252
11 2.121052096377471 0.49266970218959294
12 2.480772635386437 3.508527228545443
13 0.2362911377919712 0.2671636220131326
14 1.5386137831272952 2.7692932540628115
15 0.36272573516205764 3.4286161417196404
E 24
0 1
0 4
1 2
1 5
2 3
2 6
3 7
4 5
4 8
5 6
5 9
6 7
6 10
7 11
8 9
8 12
9 10
9 13
10 11
10 14
11 15
12 13
13 14
14 15